name: fcaprojectold
channels:
  - conda-forge
  - defaults
dependencies:
  - ca-certificates=2022.6.15=h5b45459_0
  - chardet=3.0.4=py37haa95532_1003
  - cycler=0.11.0=pyhd8ed1ab_0
  - freetype=2.10.4=h546665d_1
  - gettext=0.19.8.1=ha2e2712_1008
  - glib=2.70.2=h7755175_4
  - glib-tools=2.70.2=h7755175_4
  - gst-plugins-base=1.20.3=he07aa86_0
  - gstreamer=1.20.3=hdff456e_0
  - icu=70.1=h0e60522_0
  - intel-openmp=2022.1.0=h57928b3_3787
  - jpeg=9e=h8ffe710_1
  - krb5=1.19.3=h1176d77_0
  - libblas=3.9.0=15_win64_mkl
  - libcblas=3.9.0=15_win64_mkl
  - libclang=13.0.1=default_h81446c8_0
  - libffi=3.4.2=h8ffe710_5
  - libglib=2.70.2=h3be07f2_4
  - libiconv=1.16=he774522_0
  - liblapack=3.9.0=15_win64_mkl
  - libogg=1.3.4=h8ffe710_1
  - libpng=1.6.37=h1d00b33_2
  - libvorbis=1.3.7=h0e60522_0
  - libzlib=1.2.12=h8ffe710_1
  - lz4-c=1.9.3=h8ffe710_1
  - matplotlib-base=3.1.2=py37h2981e6d_1
  - mkl=2022.1.0=h6a75c08_874
  - openssl=1.1.1o=h8ffe710_0
  - packaging=21.3=pyhd8ed1ab_0
  - pcre=8.45=h0e60522_0
  - pip=21.2.4=py37haa95532_0
  - pyparsing=3.0.9=pyhd8ed1ab_0
  - pyqt=5.15.4=py37h35e25fb_1
  - pyqt5-sip=12.9.0=py37hf2a7229_1
  - python=3.7.0=hea74fb7_0
  - python_abi=3.7=2_cp37m
  - qt-main=5.15.3=h467ea89_0
  - setuptools=61.2.0=py37haa95532_0
  - sip=6.5.1=py37hf2a7229_2
  - sqlite=3.38.5=h8ffe710_0
  - sqlparse=0.4.1=py_0
  - tbb=2021.5.0=h2d74725_1
  - toml=0.10.2=pyhd8ed1ab_0
  - tornado=6.1=py37hcc03f2d_3
  - typing-extensions=4.2.0=hd8ed1ab_1
  - typing_extensions=4.2.0=pyha770c72_1
  - vc=14.2=h21ff451_1
  - vs2008_runtime=9.00.30729.1=haa95532_6
  - vs2015_runtime=14.27.29016=h5e58377_2
  - wheel=0.37.1=pyhd3eb1b0_0
  - wincertstore=0.2=py37haa95532_2
  - xz=5.2.5=h62dcd97_1
  - zlib=1.2.12=h8ffe710_1
  - zstd=1.5.2=h6255e5f_1
  - pip:
    - argparse==1.4.0
    - asgiref==3.5.2
    - cachetools==3.1.0
    - certifi==2019.3.9
    - dateutils==0.6.6
    - decorator==4.4.0
    - django==2.1.7
    - django-filter==2.1.0
    - django-rest-framework-braces==0.3.4
    - django-storages==1.7.1
    - djangorestframework==3.9.2
    - fcsparser==0.2.0
    - flowcytometrytools==0.5.0
    - google-api-core==1.8.2
    - google-auth==1.6.3
    - google-cloud-core==0.29.1
    - google-cloud-storage==1.14.0
    - google-resumable-media==0.3.2
    - googleapis-common-protos==1.5.9
    - idna==2.8
    - kiwisolver==1.4.2
    - markdown==3.0.1
    - matplotlib==3.4.3
    - numpy==1.16.2
    - pandas==0.24.2
    - pillow==9.1.1
    - protobuf==3.7.0
    - pyasn1==0.4.5
    - pyasn1-modules==0.2.4
    - python-dateutil==2.8.0
    - pytz==2018.9
    - requests==2.21.0
    - rsa==4.0
    - scipy==1.5.4
    - six==1.12.0
    - urllib3==1.24.1
